15 0.018634557723999023
15 0.03598141670227051
15 0.05382275581359863
15 0.07167768478393555
19 0.08963227272033691
19 0.10787510871887207
22 0.1259622573852539
22 0.14435982704162598
23 0.16225647926330566
24 0.180711030960083
24 0.19881939888000488
25 0.216294527053833
27 0.23395991325378418
28 0.25162816047668457
28 0.2694852352142334
29 0.2866699695587158
30 0.3043477535247803
31 0.32202625274658203
31 0.339763879776001
31 0.35738563537597656
31 0.37574076652526855
31 0.39354491233825684
31 0.41103458404541016
31 0.42865920066833496
31 0.44626760482788086
31 0.46363162994384766
31 0.4812660217285156
38 0.4987351894378662
39 0.5162265300750732
39 0.5340652465820312
39 0.5514750480651855
41 0.5692505836486816
41 0.586848258972168
43 0.6047680377960205
44 0.6228654384613037
44 0.6409821510314941
45 0.6596651077270508
46 0.6776368618011475
47 0.6959655284881592
48 0.7142860889434814
48 0.7331113815307617
49 0.7509126663208008
49 0.7700178623199463
51 0.7887101173400879
51 0.8070855140686035
51 0.8251335620880127
53 0.8430187702178955
54 0.8612911701202393
55 0.8790662288665771
56 0.8975238800048828
56 0.9158003330230713
56 0.9337656497955322
57 0.9520556926727295
57 0.9701285362243652
59 0.9879019260406494
60 1.0061242580413818
60 1.0244331359863281
60 1.0424275398254395
62 1.0603225231170654
62 1.0786688327789307
63 1.096766471862793
63 1.1147747039794922
63 1.1326448917388916
63 1.1504573822021484
63 1.169675588607788
63 1.189338207244873
63 1.2073931694030762
63 1.2260692119598389
63 1.2438466548919678
63 1.2615017890930176
63 1.279285192489624
63 1.2967212200164795
63 1.314728021621704
63 1.3325791358947754
63 1.3501746654510498
63 1.3676304817199707
63 1.3851816654205322
71 1.4030749797821045
71 1.4208755493164062
73 1.438920021057129
75 1.4567255973815918
75 1.474219560623169
76 1.4918248653411865
76 1.509441614151001
78 1.5269954204559326
78 1.5451133251190186
79 1.5627849102020264
79 1.5810389518737793
79 1.598616600036621
79 1.617152452468872
79 1.6350629329681396
81 1.6525447368621826
83 1.6701326370239258
83 1.6881282329559326
83 1.7057678699493408
84 1.7234067916870117
86 1.741189956665039
86 1.7590363025665283
87 1.7772376537322998
88 1.7950465679168701
88 1.8128139972686768
88 1.8305668830871582
89 1.8485183715820312
89 1.866180181503296
91 1.8838913440704346
91 1.9017829895019531
92 1.919600009918213
92 1.9373633861541748
92 1.9548158645629883
93 1.9727931022644043
96 1.9905169010162354
96 2.0081725120544434
96 2.0261130332946777
96 2.0437228679656982
96 2.0612716674804688
97 2.078746795654297
97 2.0962584018707275
99 2.1138482093811035
99 2.1313939094543457
99 2.148857355117798
99 2.166419267654419
101 2.1841976642608643
102 2.2018041610717773
102 2.2193422317504883
103 2.2369730472564697
103 2.2548365592956543
103 2.272552967071533
103 2.2904086112976074
104 2.3083558082580566
105 2.3260445594787598
105 2.3436102867126465
107 2.361358404159546
107 2.379102945327759
108 2.3966963291168213
108 2.414250612258911
108 2.4316744804382324
109 2.449181318283081
112 2.466824769973755
112 2.484565019607544
112 2.502117872238159
112 2.5196163654327393
112 2.5373122692108154
112 2.555804491043091
113 2.573845624923706
113 2.591843843460083
114 2.610039472579956
115 2.6279706954956055
115 2.6457812786102295
115 2.6638846397399902
115 2.6817400455474854
116 2.6997108459472656
117 2.717731237411499
118 2.735417366027832
118 2.75321102142334
119 2.7711668014526367
120 2.7889750003814697
120 2.8065900802612305
120 2.824350357055664
120 2.841963529586792
120 2.859170913696289
121 2.8770618438720703
121 2.8945741653442383
121 2.912018299102783
123 2.92930006980896
123 2.9468257427215576
124 2.964653253555298
124 2.982537031173706
124 2.9998667240142822
124 3.0178825855255127
124 3.0352869033813477
125 3.053227424621582
126 3.071117639541626
126 3.0889246463775635
126 3.107009172439575
127 3.1249115467071533
127 3.142505168914795
127 3.1603167057037354
128 3.1782708168029785
128 3.195746660232544
129 3.213451623916626
131 3.2312536239624023
131 3.2495076656341553
131 3.267270565032959
131 3.2846992015838623
132 3.3023414611816406
134 3.3201394081115723
135 3.338017702102661
135 3.3559329509735107
135 3.3734116554260254
135 3.391350269317627
135 3.409182071685791
135 3.4266858100891113
137 3.4443769454956055
139 3.4619991779327393
139 3.4800472259521484
140 3.4983532428741455
140 3.5160014629364014
140 3.5334064960479736
142 3.550994634628296
142 3.569293260574341
143 3.5867459774017334
143 3.604436159133911
143 3.621992588043213
143 3.6396706104278564
143 3.6571521759033203
143 3.6748666763305664
143 3.692373752593994
143 3.7099316120147705
143 3.727423906326294
147 3.748667001724243
147 3.766113519668579
147 3.783559560775757
147 3.8012731075286865
148 3.8188116550445557
150 3.8364052772521973
150 3.8539202213287354
151 3.871460199356079
151 3.8891196250915527
152 3.9067115783691406
152 3.924130916595459
152 3.941476583480835
152 3.958991289138794
153 3.9768881797790527
153 3.994527578353882
155 4.012328863143921
155 4.031331539154053
156 4.0490336418151855
156 4.066839218139648
156 4.084717512130737
156 4.10214900970459
156 4.119828939437866
158 4.137332201004028
158 4.15488600730896
158 4.172691583633423
159 4.190233945846558
159 4.207960605621338
159 4.226127862930298
159 4.243628740310669
159 4.261462211608887
159 4.278890371322632
159 4.296673536300659
159 4.314142942428589
159 4.331814289093018
159 4.349404811859131
159 4.3670244216918945
159 4.384742021560669
159 4.402691841125488
163 4.420157432556152
163 4.437711238861084
163 4.455251455307007
164 4.472729206085205
165 4.4903929233551025
166 4.507903814315796
166 4.525604486465454
167 4.54307222366333
167 4.560851335525513
167 4.578352451324463
167 4.595965147018433
167 4.613754034042358
167 4.631571292877197
168 4.649131774902344
169 4.66694188117981
169 4.684480667114258
170 4.70240592956543
171 4.720226526260376
171 4.737993001937866
172 4.755436420440674
172 4.773119211196899
172 4.790971517562866
172 4.80851411819458
172 4.826265335083008
173 4.844027042388916
174 4.861472845077515
174 4.87920618057251
174 4.896811008453369
176 4.914471626281738
176 4.932285308837891
176 4.949843645095825
176 4.967696666717529
176 4.985316514968872
176 5.002721548080444
176 5.020416975021362
177 5.038130044937134
177 5.055775880813599
177 5.07359766960144
179 5.090963125228882
179 5.1088175773620605
179 5.126504421234131
179 5.1440513134002686
179 5.161682605743408
179 5.179415941238403
179 5.197084903717041
180 5.21490478515625
180 5.232557535171509
179 5.2502593994140625
179 5.267601013183594
179 5.28516697883606
179 5.30289626121521
179 5.320743560791016
179 5.338740825653076
179 5.356476545333862
179 5.374206304550171
179 5.39202356338501
179 5.409488916397095
179 5.427036285400391
179 5.444615840911865
177 5.462318181991577
177 5.479926824569702
177 5.497684001922607
177 5.51542592048645
177 5.533296585083008
177 5.550830602645874
177 5.568542242050171
177 5.585960388183594
177 5.603834629058838
177 5.6214165687561035
176 5.639100790023804
176 5.656790256500244
177 5.67464804649353
176 5.692212104797363
176 5.709895849227905
176 5.727593660354614
176 5.745364665985107
176 5.763333559036255
176 5.78108024597168
176 5.798840522766113
176 5.816587448120117
176 5.8342766761779785
176 5.851826429367065
176 5.869251489639282
176 5.887015104293823
176 5.9047675132751465
176 5.922529697418213
176 5.940166234970093
176 5.957737445831299
176 5.975887298583984
176 5.9936017990112305
176 6.011088132858276
176 6.0289247035980225
176 6.046774625778198
176 6.064448833465576
176 6.082253456115723
176 6.0999815464019775
176 6.117893218994141
176 6.135336875915527
176 6.15277099609375
176 6.170891046524048
176 6.188621520996094
176 6.206416130065918
176 6.2239484786987305
176 6.241584300994873
176 6.25938868522644
176 6.277149438858032
176 6.294859886169434
176 6.312504053115845
176 6.3300230503082275
176 6.347762823104858
176 6.365391969680786
176 6.382981538772583
176 6.4006736278533936
176 6.418275833129883
176 6.436160326004028
176 6.453732013702393
176 6.47124981880188
176 6.488780498504639
176 6.506335735321045
176 6.523934602737427
176 6.541923999786377
176 6.559701204299927
176 6.577267408370972
176 6.594823837280273
176 6.61246132850647
176 6.630196809768677
176 6.647801637649536
176 6.665597915649414
176 6.683212518692017
176 6.70083475112915
176 6.718500137329102
176 6.736218214035034
176 6.754033803939819
176 6.771985054016113
176 6.790329933166504
176 6.808363914489746
176 6.826278924942017
176 6.844173431396484
176 6.8619914054870605
176 6.880222320556641
176 6.897959232330322
176 6.916011095046997
176 6.933741807937622
176 6.95133113861084
176 6.968767881393433
176 6.986090421676636
176 7.003777503967285
176 7.02126932144165
176 7.039857625961304
176 7.0576536655426025
176 7.075201749801636
176 7.0928144454956055
176 7.1108691692352295
176 7.128627777099609
176 7.146305799484253
176 7.163744211196899
176 7.181276082992554
176 7.198632478713989
176 7.216214895248413
176 7.2338175773620605
176 7.251364469528198
176 7.268891334533691
176 7.286437273025513
176 7.304180145263672
176 7.321799039840698
176 7.339350700378418
176 7.357116937637329
176 7.374567747116089
176 7.392393350601196
176 7.410126209259033
176 7.427739381790161
176 7.445314645767212
176 7.462743282318115
176 7.4801414012908936
176 7.497816324234009
176 7.515452146530151
176 7.53312087059021
176 7.550490379333496
176 7.568088054656982
176 7.5858213901519775
176 7.603447437286377
176 7.621131896972656
176 7.63862419128418
176 7.6564531326293945
176 7.674034118652344
176 7.691490411758423
176 7.7091124057769775
176 7.726577281951904
176 7.744787216186523
176 7.762430667877197
176 7.780115127563477
176 7.797869443893433
176 7.815346717834473
176 7.832774877548218
176 7.850432634353638
176 7.867964267730713
176 7.885629892349243
176 7.90301775932312
176 7.920673608779907
176 7.938418865203857
176 7.956169366836548
176 7.974257230758667
176 7.991731882095337
176 8.009341716766357
176 8.026724576950073
176 8.044391632080078
176 8.06193470954895
176 8.079437017440796
176 8.097028255462646
176 8.114680767059326
176 8.13218092918396
176 8.149848937988281
176 8.16732406616211
176 8.185220718383789
176 8.202924251556396
176 8.220582008361816
176 8.238079071044922
176 8.25566291809082
176 8.273427724838257
176 8.291008710861206
176 8.308619022369385
176 8.326047658920288
176 8.343430042266846
176 8.36121654510498
176 8.37871265411377
176 8.396202087402344
176 8.413637161254883
176 8.430936098098755
176 8.448448419570923
176 8.466026306152344
176 8.483611345291138
176 8.50121545791626
176 8.518692016601562
176 8.536478996276855
176 8.554081201553345
176 8.57172179222107
176 8.589202165603638
176 8.606744289398193
176 8.624598503112793
176 8.643056392669678
176 8.660784006118774
176 8.67897367477417
176 8.69661808013916
176 8.714200496673584
176 8.731839895248413
176 8.749573469161987
176 8.7671959400177
176 8.784750699996948
176 8.802486658096313
176 8.820183277130127
176 8.837902307510376
176 8.855394840240479
176 8.873004674911499
176 8.890624523162842
176 8.908334493637085
176 8.925909280776978
176 8.94350814819336
176 8.961252450942993
176 8.978973388671875
176 8.996799945831299
176 9.014430046081543
176 9.032214164733887
176 9.049968719482422
176 9.067795753479004
176 9.085397243499756
176 9.102920293807983
176 9.12047815322876
176 9.138099670410156
176 9.155892372131348
176 9.173291444778442
176 9.191100358963013
176 9.208625078201294
176 9.226374387741089
176 9.244003534317017
176 9.26190447807312
176 9.279403686523438
176 9.297049283981323
176 9.314775943756104
176 9.332397699356079
176 9.349892616271973
176 9.367623805999756
176 9.3851957321167
176 9.40272855758667
176 9.420507431030273
176 9.438040733337402
176 9.455809354782104
176 9.473357677459717
176 9.49112343788147
176 9.508819103240967
176 9.526311874389648
176 9.544001579284668
176 9.56157636642456
176 9.579303503036499
176 9.596827030181885
176 9.614521741867065
176 9.632092237472534
174 9.649827241897583
176 9.667482614517212
176 9.685081958770752
174 9.70261549949646
174 9.720151662826538
174 9.737975358963013
174 9.755737781524658
174 9.773322820663452
174 9.790956735610962
174 9.808789253234863
173 9.826571702957153
172 9.844203233718872
172 9.863053560256958
172 9.880625247955322
172 9.898343086242676
172 9.916298151016235
172 9.934057712554932
172 9.951770544052124
172 9.969263315200806
172 9.986732482910156
172 10.004802227020264
172 10.022531747817993
172 10.040299654006958
172 10.058065176010132
172 10.07564377784729
172 10.09339690208435
172 10.11108136177063
172 10.128606796264648
172 10.14641523361206
172 10.16417121887207
172 10.181824445724487
172 10.19973111152649
172 10.217097043991089
172 10.23502254486084
171 10.252577304840088
171 10.27033519744873
171 10.287859678268433
171 10.305456638336182
171 10.32342004776001
171 10.341110229492188
171 10.35882306098938
171 10.376337766647339
171 10.39400577545166
171 10.411944150924683
171 10.429546356201172
170 10.447231531143188
170 10.464945077896118
170 10.482465744018555
169 10.500301599502563
169 10.518073320388794
169 10.535835266113281
169 10.553098440170288
169 10.57083249092102
169 10.588304996490479
169 10.605956792831421
169 10.62359094619751
169 10.641386270523071
169 10.65932846069336
169 10.67683482170105
169 10.694741010665894
169 10.712443828582764
169 10.73017930984497
169 10.747854948043823
169 10.765521049499512
169 10.783272743225098
169 10.801031589508057
169 10.81871485710144
169 10.836171388626099
169 10.853874444961548
169 10.871629476547241
169 10.88929009437561
169 10.906928300857544
169 10.924489974975586
168 10.9421706199646
168 10.96021580696106
169 10.977876663208008
168 10.99578070640564
169 11.01348090171814
168 11.030957460403442
168 11.048906087875366
168 11.066457033157349
168 11.084237098693848
168 11.10159969329834
168 11.119061470031738
168 11.136843204498291
168 11.154427766799927
168 11.172173261642456
168 11.190025091171265
168 11.20785117149353
168 11.225844860076904
168 11.24357795715332
168 11.261379957199097
168 11.27920150756836
168 11.296797037124634
168 11.314855575561523
168 11.332540512084961
168 11.350746870040894
168 11.368651390075684
168 11.386045217514038
168 11.404082536697388
168 11.421936988830566
168 11.439522743225098
168 11.45742654800415
168 11.475090026855469
168 11.493123531341553
168 11.511064291000366
167 11.528497219085693
167 11.546105861663818
167 11.563692569732666
167 11.5813148021698
167 11.599018335342407
167 11.616788864135742
167 11.63448715209961
167 11.652368307113647
167 11.670146465301514
167 11.687810182571411
167 11.705564022064209
167 11.723142385482788
167 11.74085521697998
167 11.758813619613647
167 11.776516199111938
167 11.794604063034058
167 11.812531232833862
167 11.830457925796509
167 11.848217725753784
167 11.865967273712158
167 11.883697748184204
167 11.901484727859497
167 11.918899059295654
167 11.936458587646484
167 11.954121351242065
167 11.971822500228882
167 11.989578485488892
167 12.007352828979492
167 12.024986505508423
167 12.042625188827515
167 12.059955358505249
167 12.077739477157593
167 12.095328330993652
167 12.113217830657959
167 12.130707025527954
167 12.148109912872314
167 12.165904998779297
167 12.183769702911377
167 12.2013840675354
167 12.219010591506958
167 12.236720085144043
167 12.254584312438965
167 12.272169828414917
167 12.289810419082642
167 12.307380437850952
167 12.324793815612793
167 12.34247899055481
167 12.360649824142456
167 12.37856912612915
167 12.396374940872192
167 12.413996934890747
167 12.431671142578125
167 12.449396133422852
167 12.467182159423828
167 12.484792232513428
167 12.502626419067383
167 12.52065134048462
167 12.538429975509644
167 12.556490421295166
167 12.574502944946289
167 12.592223882675171
167 12.609834909439087
167 12.62734055519104
167 12.644887208938599
167 12.662536859512329
167 12.680258512496948
167 12.69785189628601
167 12.715583324432373
167 12.733165979385376
167 12.750687837600708
167 12.768071174621582
167 12.7857985496521
167 12.803409337997437
167 12.821107149124146
128 12.838696002960205
0 12.856314659118652
